CAP_PROP_AUTOFOCUS=1.0
CAP_PROP_AUTO_EXPOSURE=0.75
CAP_PROP_BRIGHTNESS=0.501960784314
CAP_PROP_CONTRAST=0.125490196078
CAP_PROP_CONVERT_RGB=1.0
CAP_PROP_EXPOSURE=inf
CAP_PROP_FOCUS=0.235294117647
CAP_PROP_FORMAT=16.0
CAP_PROP_FOURCC=1448695129.0
CAP_PROP_FPS=30.0
CAP_PROP_FRAME_HEIGHT=480.0
CAP_PROP_FRAME_WIDTH=640.0
CAP_PROP_GAIN=0.250980392157
CAP_PROP_MODE=1448695129.0
CAP_PROP_POS_MSEC=0.0
CAP_PROP_SATURATION=0.125490196078
